4294967279,49
4294967279,48
4294967279,47
4294967279,46
4294967279,45
4294967279,44
4294967279,43
4294967279,42
4294967279,41
4294967279,40
4294967279,39
4294967279,38
4294967279,37
4294967279,36
4294967279,35
4294967279,34
4294967279,33
4294967279,32
4294967279,31
4294967279,30
4294967279,90
4294967279,89
4294967279,87
4294967279,86
4294967279,85
4294967279,84
4294967279,83
4294967279,82
4294967279,81
4294967279,80
4294967279,79
4294967279,78
4294967279,77
4294967279,76
4294967279,75
4294967279,74
4294967279,73
4294967279,72
4294967279,71
4294967279,70
4294967279,69
4294967279,68
4294967279,67
4294967279,66
4294967279,65
4294967279,64
4294967279,63
4294967279,62
4294967279,61
4294967279,60
4294967279,59
4294967279,58
4294967279,57
4294967279,56
4294967279,55
4294967279,54
4294967279,53
4294967279,52
4294967279,51
4294967279,50
4294967279,210
4294967278,289
4294967278,207
4294967278,206
4294967278,288
4294967279,206
4294967278,36
4294967278,35
4294967278,34
4294967278,33
4294967278,32
4294967278,31
4294967278,30
4294967278,29
4294967278,28
4294967278,27
4294967278,26
4294967278,25
4294967278,24
4294967278,23
4294967278,22
4294967278,21
4294967278,20
4294967278,19
4294967278,18
4294967278,17
4294967278,16
4294967278,15
4294967278,14
4294967278,13
4294967278,12
4294967278,11
4294967278,10
4294967278,9
4294967278,8
4294967278,7
4294967278,6
4294967278,5
4294967278,4
4294967279,132
4294967279,131
4294967279,130
4294967279,129
4294967279,128
4294967279,127
4294967279,126
4294967279,125
4294967279,124
4294967279,123
4294967279,122
4294967279,121
4294967279,120
4294967279,119
4294967279,118
4294967279,117
4294967279,116
4294967279,115
4294967279,114
4294967279,113
4294967279,112
4294967279,111
4294967279,110
4294967279,109
4294967279,108
4294967279,107
4294967279,106
4294967279,105
4294967279,104
4294967279,103
4294967279,102
4294967279,101
4294967279,100
4294967279,99
4294967279,98
4294967279,97
4294967279,96
4294967279,95
4294967279,94
4294967279,93
4294967279,92
4294967279,91
4294967279,19
4294967279,14
4294967278,287
4294967278,286
4294967278,201
4294967278,200
4294967294,50
4294967278,285
4294967294,15
4294967294,14
4294967294,20
4294967294,13
4294967278,198
4294967278,197
4294967278,196
4294967278,195
4294967294,112
4294967294,161
4294967294,180
4294967294,30
4294967294,160
4294967294,164
4294967294,961
4294967294,97
4294967294,189
4294967294,61
4294967294,113
4294967294,177
4294967278,194
4294967294,81
4294967294,11
4294967278,177
17,7
17,6
4294967278,176
17,5
17,4
4294967278,175
17,3
17,2
17,1
4294967278,284
4294967278,173
4294967279,298
4294967278,172
4294967278,171
16,4
4294967278,170
16,3
16,2
16,1
4294967278,283
4294967294,474
4294967278,169
4294967278,167
15,5
15,4
4294967278,166
15,3
15,2
15,1
4294967278,282
4294967278,165
4294967278,163
14,4
14,3
14,2
14,1
4294967279,297
4294967278,162
4294967278,161
13,5
4294967278,160
13,4
13,3
13,2
13,1
4294967279,296
4294967278,159
4294967278,158
12,5
4294967278,157
12,4
12,3
12,2
12,1
4294967279,295
4294967278,156
4294967278,155
11,5
4294967278,154
11,4
11,3
11,2
11,1
4294967279,294
4294967278,153
4294967294,1153
4294967294,989
4294967279,293
4294967294,407
4294967294,420
4294967294,406
4294967294,398
4294967294,167
4294967294,408
4294967294,455
4294967294,165
4294967294,89
4294967294,981
4294967294,386
4294967278,152
10,7
4294967278,151
10,6
10,5
4294967278,150
10,4
10,3
10,2
10,1
4294967279,292
4294967278,149
4294967294,473
4294967278,148
9,5
4294967278,147
9,4
9,3
9,2
9,1
4294967279,291
4294967278,146
4294967294,115
4294967294,1038
4294967294,0
4294967278,145
8,5
4294967278,144
8,4
8,3
8,2
8,1
4294967279,290
